       9.4792223       9.4434719       9.4792223       9.4792223       9.4434719
       9.4970970       9.4970970       9.4255981       9.4792223       9.4792223
       9.5685959       9.2647257       9.2647257       9.2647257       9.1217279
       9.1217279       9.1217279       9.4255981       9.4255981       9.4255981
       9.3183489       9.3183489       9.3183489       9.3719730       9.3719730
       9.3719730       9.4255981       9.4792223       9.4792223       9.3898478
       9.4613466       9.4613466       9.4434719       9.4434719       9.4434719
       9.4434719       9.3898478       9.3898478       9.3898478       9.2111015
       9.2111015       9.2111015       9.4434719       9.4434719       9.4434719
       9.4792223       9.4792223       9.4792223       9.4970970       9.4970970
       9.4970970       9.2289753       9.2289753       9.1932268       9.1932268
       9.1574764       8.8714819       8.8714819       8.8893566       8.6927347
       8.6927347       8.1564941       7.5130033       7.5130033       7.2091331
       7.1197605       7.1197605       7.0840106       7.0303864       7.0303864
       9.4434719       9.4792223       9.4792223       9.4434719       9.4970970
       9.4970970       9.4255981       9.4792223       9.4792223       9.5685959
       9.2647257       9.2647257       9.2647257       9.1217279       9.1217279
       9.1217279       9.4255981       9.4255981       9.4255981       9.3183489
       9.3183489       9.3183489       9.3719730       9.3719730       9.3719730
       9.4255981       9.4792223       9.4792223       9.3898478       9.4613466
       9.4613466       9.4434719       9.4434719       9.4434719       9.4434719
       9.3898478       9.3898478       9.3898478       9.2111015       9.2111015
       9.2111015       9.4434719       9.4434719       9.4434719       9.4792223
       9.4792223       9.4792223       9.4970970       9.4970970       9.4970970
       9.2289753       9.2289753       9.2289753       9.1932268       9.1574764
       8.8714819       8.8714819       8.8893566       8.6927347       8.6927347
       8.1564941       7.5130033       7.5130033       7.2091331       7.1197605
       7.1197605       7.0840106       7.0303864       7.0303864       7.0125117
       9.3004742       9.2468510       9.1574764       9.1574764       9.3362246
       9.3362246       9.3362246       9.4255981       9.5149708       9.5149708
       9.3362246       9.3004742       9.3004742       9.3004742       9.3004742
       9.3004742       9.5507212       9.4792223       9.4792223       9.5864697
       9.5864697       9.5685959       9.5685959       9.4255981       9.4792223
       9.4792223       9.3719730       9.4255981       9.4255981       9.4077234
       9.4255981       9.4255981       9.3183489       9.3183489       9.3183489
       9.3898478       9.3898478       9.3898478       9.3183489       9.3183489
       9.3183489       9.0502291       9.2111015       9.2111015       9.2826004
       9.2468510       9.2468510       9.2826004       9.2468510       9.2468510
       9.0681038       9.0144796       9.0144796       8.4603634       8.0313702
       7.9777465       7.9777465       6.9946370       6.9767628       6.9767628
       6.9767628       6.9588876       6.9588876       6.9410129       6.9231381
       6.9231381       6.9410129       6.9410129       6.9410129       6.9231381
       9.1574764       9.1574764       9.3362246       9.3362246       9.3362246
       9.4255981       9.5149708       9.5149708       9.3362246       9.3004742
       9.3004742       9.3004742       9.3004742       9.3004742       9.5507212
       9.4792223       9.4792223       9.5864697       9.5864697       9.5685959
       9.5685959       9.4255981       9.4792223       9.4792223       9.3719730
       9.4255981       9.4255981       9.4077234       9.4255981       9.4255981
       9.3183489       9.3183489       9.3183489       9.3898478       9.3898478
       9.3898478       9.3183489       9.3183489       9.3183489       9.0502291
       9.2111015       9.2111015       9.2826004       9.2468510       9.2468510
       9.2826004       9.2468510       9.2468510       9.0681038       9.0144796
       9.0144796       7.4593797       7.2985072       7.9777465       7.9777465
       6.9946370       6.9767628       6.9767628       6.9767628       6.9588876
       6.9588876       6.9410129       6.9231381       6.9231381       6.9410129
       6.9410129       6.9410129       6.9231381       6.9052629       6.9052629
       9.3362246       9.3362246       9.3362246       9.4255981       9.5149708
       9.5149708       9.3362246       9.3004742       9.3004742       9.3004742
       9.3004742       9.3004742       9.5507212       9.4792223       9.4792223
       9.5864697       9.5864697       9.5685959       9.5685959       9.4255981
       9.4792223       9.4792223       9.3719730       9.4255981       9.4255981
       9.4077234       9.4255981       9.4255981       9.3183489       9.3183489
       9.3183489       9.3898478       9.3898478       9.3898478       9.3183489
       9.3183489       9.3183489       9.0502291       9.2111015       9.2111015
       9.2826004       9.2468510       9.2468510       9.2826004       9.2468510
       9.2468510       9.0681038       9.0144796       9.0144796       7.4593797
       7.2985072       7.2985072       7.1018853       6.9946370       6.9767628
       6.9767628       6.9767628       6.9588876       6.9588876       6.9410129
       6.9231381       6.9231381       6.9410129       6.9410129       6.9410129
       6.9231381       6.9052629       6.9052629       6.9052629       6.8873887
       9.3362246       9.4255981       9.5149708       9.5149708       9.3362246
       9.3004742       9.3004742       9.3004742       9.3004742       9.3004742
       9.5507212       9.4792223       9.4792223       9.5864697       9.5864697
       9.5685959       9.5685959       9.4255981       9.4792223       9.4792223
       9.3719730       9.4255981       9.4255981       9.4077234       9.4255981
       9.4255981       9.3183489       9.3183489       9.3183489       9.3898478
       9.3898478       9.3898478       9.3183489       9.3183489       9.3183489
       9.0502291       9.2111015       9.2111015       9.2826004       9.2468510
       9.2468510       9.2826004       9.2468510       9.2468510       9.0681038
       9.0144796       9.0144796       7.4593797       7.2985072       7.2985072
       7.1018853       7.0840106       7.0840106       6.9767628       6.9767628
       6.9588876       6.9588876       6.9410129       6.9231381       6.9231381
       6.9410129       6.9410129       6.9410129       6.9231381       6.9052629
       6.9052629       6.9052629       6.8873887       6.8873887       6.9052629
       9.5149708       9.5149708       9.3362246       9.3004742       9.3004742
       9.3004742       9.3004742       9.3004742       9.5507212       9.4792223
       9.4792223       9.5864697       9.5864697       9.5685959       9.5685959
       9.4255981       9.4792223       9.4792223       9.3719730       9.4255981
       9.4255981       9.4077234       9.4255981       9.4255981       9.3183489
       9.3183489       9.3183489       9.3898478       9.3898478       9.3898478
       9.3183489       9.3183489       9.3183489       9.0502291       9.2111015
       9.2111015       9.2826004       9.2468510       9.2468510       9.2826004
       9.2468510       9.2468510       9.0681038       9.0144796       9.0144796
       7.4593797       7.2985072       7.2985072       7.1018853       7.0840106
       7.0840106       8.4067392       8.4603634       6.9588876       6.9588876
       6.9410129       6.9231381       6.9231381       6.9410129       6.9410129
       6.9410129       6.9231381       6.9052629       6.9052629       6.9052629
       6.8873887       6.8873887       6.9052629       6.9052629       6.9052629
       9.3719730       9.4255981       9.4255981       9.4077234       9.4255981
       9.4255981       9.3183489       9.3183489       9.3183489       9.3898478
       9.3898478       9.3898478       9.3183489       9.3183489       9.3183489
       9.0502291       9.2111015       9.2111015       9.2826004       9.2468510
       9.2468510       9.2826004       9.2468510       9.2468510       9.0681038
       9.0144796       9.0144796       7.4593797       7.2985072       7.2985072
       7.1018853       7.0840106       7.0840106       8.4067392       8.4603634
       8.4603634       8.0313702       7.9777465       7.9777465       6.9946370
       6.9767628       6.9767628       6.9767628       6.9588876       6.9588876
       6.9410129       6.9231381       6.9231381       6.9410129       6.9410129
       6.9410129       6.9231381       6.9052629       6.8873887       6.8873887
       6.9231381       6.9052629       6.9052629       6.9052629       6.9052629
       6.9052629       6.9231381       6.9231381       6.9231381       6.9052629
       6.9052629       6.9052629       6.8337641       6.8337641       6.6013937
       9.4255981       9.4255981       9.4077234       9.4255981       9.4255981
       9.3183489       9.3183489       9.3183489       9.3898478       9.3898478
       9.3898478       9.3183489       9.3183489       9.3183489       9.0502291
       9.2111015       9.2111015       9.2826004       9.2468510       9.2468510
       9.2826004       9.2468510       9.2468510       9.0681038       9.0144796
       9.0144796       7.4593797       7.2985072       7.2985072       7.1018853
       7.0840106       7.0840106       8.4067392       8.4603634       8.4603634
       8.0313702       7.9777465       7.9777465       6.9946370       6.9767628
       6.9767628       6.9767628       6.9588876       6.9588876       6.9410129
       6.9231381       6.9231381       6.9410129       6.9410129       6.9410129
       6.9231381       6.9052629       6.9052629       6.8873887       6.9231381
       6.9052629       6.9052629       6.9052629       6.9052629       6.9052629
       6.9231381       6.9231381       6.9231381       6.9052629       6.9052629
       6.9052629       6.8337641       6.8337641       6.6013937       6.6550174
       9.4255981       9.4255981       9.3183489       9.3183489       9.3183489
       9.3898478       9.3898478       9.3898478       9.3183489       9.3183489
       9.3183489       9.0502291       9.2111015       9.2111015       9.2826004
       9.2468510       9.2468510       9.2826004       9.2468510       9.2468510
       9.0681038       9.0144796       9.0144796       7.4593797       7.2985072
       7.2985072       7.1018853       7.0840106       7.0840106       8.4067392
       8.4603634       8.4603634       8.0313702       7.9777465       7.9777465
       6.9946370       6.9767628       6.9767628       6.9767628       6.9588876
       6.9588876       6.9410129       6.9231381       6.9231381       6.9410129
       6.9410129       6.9410129       6.9231381       6.9052629       6.9052629
       6.9052629       6.8873887       6.8873887       6.9052629       6.9052629
       6.9052629       6.9052629       6.9231381       6.9231381       6.9231381
       6.9052629       6.9052629       6.9052629       6.8337641       6.8337641
       6.6013937       6.6550174       6.6550174       7.0303864       7.0303864
       9.4792223       9.4792223       9.4434719       9.4792223       9.4792223
       9.4434719       9.4970970       9.4970970       9.4255981       9.4792223
       9.4792223       9.5685959       9.2647257       9.2647257       9.2647257
       9.1217279       9.1217279       9.1217279       9.4255981       9.4255981
       9.4255981       9.3183489       9.3183489       9.3183489       9.3719730
       9.3719730       9.3719730       9.4255981       9.4792223       9.4792223
       9.3898478       9.4613466       9.4613466       9.4434719       9.4434719
       9.4434719       9.4434719       9.3898478       9.3898478       9.3898478
       9.2111015       9.2111015       9.2111015       9.4434719       9.4434719
       9.4434719       9.4792223       9.4792223       9.4792223       9.4970970
       9.4970970       9.4970970       9.2289753       9.2111015       9.1932268
       9.1932268       9.1574764       8.8714819       8.8714819       8.8893566
       8.6927347       8.6927347       8.1564941       7.5130033       7.5130033
       7.2091331       7.1197605       7.1197605       7.0840106       7.0303864
       9.2468510       9.1574764       9.1574764       9.3362246       9.3362246
       9.3362246       9.4255981       9.5149708       9.5149708       9.3362246
       9.3004742       9.3004742       9.3004742       9.3004742       9.3004742
       9.5507212       9.4792223       9.4792223       9.5864697       9.5864697
       9.5685959       9.5685959       9.4255981       9.4792223       9.4792223
       9.3719730       9.4255981       9.4255981       9.4077234       9.4255981
       9.4255981       9.3183489       9.3183489       9.3183489       9.3898478
       9.3898478       9.3898478       9.3183489       9.3183489       9.3183489
       9.0502291       9.2111015       9.2111015       9.2826004       9.2468510
       9.2468510       9.2826004       9.2468510       9.2468510       9.0681038
       9.0144796       9.0144796       7.4593797       8.0313702       7.9777465
       7.9777465       6.9946370       6.9767628       6.9767628       6.9767628
       6.9588876       6.9588876       6.9410129       6.9231381       6.9231381
       6.9410129       6.9410129       6.9410129       6.9231381       6.9052629
       9.1574764       9.3362246       9.3362246       9.3362246       9.4255981
       9.5149708       9.5149708       9.3362246       9.3004742       9.3004742
       9.3004742       9.3004742       9.3004742       9.5507212       9.4792223
       9.4792223       9.5864697       9.5864697       9.5685959       9.5685959
       9.4255981       9.4792223       9.4792223       9.3719730       9.4255981
       9.4255981       9.4077234       9.4255981       9.4255981       9.3183489
       9.3183489       9.3183489       9.3898478       9.3898478       9.3898478
       9.3183489       9.3183489       9.3183489       9.0502291       9.2111015
       9.2111015       9.2826004       9.2468510       9.2468510       9.2826004
       9.2468510       9.2468510       9.0681038       9.0144796       9.0144796
       7.4593797       7.2985072       7.2985072       7.9777465       6.9946370
       6.9767628       6.9767628       6.9767628       6.9588876       6.9588876
       6.9410129       6.9231381       6.9231381       6.9410129       6.9410129
       6.9410129       6.9231381       6.9052629       6.9052629       6.9052629
       9.3362246       9.3362246       9.4255981       9.5149708       9.5149708
       9.3362246       9.3004742       9.3004742       9.3004742       9.3004742
       9.3004742       9.5507212       9.4792223       9.4792223       9.5864697
       9.5864697       9.5685959       9.5685959       9.4255981       9.4792223
       9.4792223       9.3719730       9.4255981       9.4255981       9.4077234
       9.4255981       9.4255981       9.3183489       9.3183489       9.3183489
       9.3898478       9.3898478       9.3898478       9.3183489       9.3183489
       9.3183489       9.0502291       9.2111015       9.2111015       9.2826004
       9.2468510       9.2468510       9.2826004       9.2468510       9.2468510
       9.0681038       9.0144796       9.0144796       7.4593797       7.2985072
       7.2985072       7.1018853       7.0840106       6.9767628       6.9767628
       6.9767628       6.9588876       6.9588876       6.9410129       6.9231381
       6.9231381       6.9410129       6.9410129       6.9410129       6.9231381
       6.9052629       6.9052629       6.9052629       6.8873887       6.8873887
       9.4255981       9.5149708       9.5149708       9.3362246       9.3004742
       9.3004742       9.3004742       9.3004742       9.3004742       9.5507212
       9.4792223       9.4792223       9.5864697       9.5864697       9.5685959
       9.5685959       9.4255981       9.4792223       9.4792223       9.3719730
       9.4255981       9.4255981       9.4077234       9.4255981       9.4255981
       9.3183489       9.3183489       9.3183489       9.3898478       9.3898478
       9.3898478       9.3183489       9.3183489       9.3183489       9.0502291
       9.2111015       9.2111015       9.2826004       9.2468510       9.2468510
       9.2826004       9.2468510       9.2468510       9.0681038       9.0144796
       9.0144796       7.4593797       7.2985072       7.2985072       7.1018853
       7.0840106       7.0840106       8.4067392       6.9767628       6.9588876
       6.9588876       6.9410129       6.9231381       6.9231381       6.9410129
       6.9410129       6.9410129       6.9231381       6.9052629       6.9052629
       6.9052629       6.8873887       6.8873887       6.9052629       6.9052629
       9.5149708       9.3362246       9.3004742       9.3004742       9.3004742
       9.3004742       9.3004742       9.5507212       9.4792223       9.4792223
       9.5864697       9.5864697       9.5685959       9.5685959       9.4255981
       9.4792223       9.4792223       9.3719730       9.4255981       9.4255981
       9.4077234       9.4255981       9.4255981       9.3183489       9.3183489
       9.3183489       9.3898478       9.3898478       9.3898478       9.3183489
       9.3183489       9.3183489       9.0502291       9.2111015       9.2111015
       9.2826004       9.2468510       9.2468510       9.2826004       9.2468510
       9.2468510       9.0681038       9.0144796       9.0144796       7.4593797
       7.2985072       7.2985072       7.1018853       7.0840106       7.0840106
       8.4067392       8.4603634       8.4603634       6.9588876       6.9410129
       6.9231381       6.9231381       6.9410129       6.9410129       6.9410129
       6.9231381       6.9052629       6.9052629       6.9052629       6.8873887
       6.8873887       6.9052629       6.9052629       6.9052629       6.8873887
       9.3362246       9.3004742       9.3004742       9.3004742       9.3004742
       9.3004742       9.5507212       9.4792223       9.4792223       9.5864697
       9.5864697       9.5685959       9.5685959       9.4255981       9.4792223
       9.4792223       9.3719730       9.4255981       9.4255981       9.4077234
       9.4255981       9.4255981       9.3183489       9.3183489       9.3183489
       9.3898478       9.3898478       9.3898478       9.3183489       9.3183489
       9.3183489       9.0502291       9.2111015       9.2111015       9.2826004
       9.2468510       9.2468510       9.2826004       9.2468510       9.2468510
       9.0681038       9.0144796       9.0144796       7.4593797       7.2985072
       7.2985072       7.1018853       7.0840106       7.0840106       8.4067392
       8.4603634       8.4603634       8.0313702       6.9410129       6.9231381
       6.9231381       6.9410129       6.9410129       6.9410129       6.9231381
       6.9052629       6.9052629       6.9052629       6.8873887       6.8873887
       6.9052629       6.9052629       6.9052629       6.8873887       6.8873887
       9.4255981       9.4077234       9.4255981       9.4255981       9.3183489
       9.3183489       9.3183489       9.3898478       9.3898478       9.3898478
       9.3183489       9.3183489       9.3183489       9.0502291       9.2111015
       9.2111015       9.2826004       9.2468510       9.2468510       9.2826004
       9.2468510       9.2468510       9.0681038       9.0144796       9.0144796
       7.4593797       7.2985072       7.2985072       7.1018853       7.0840106
       7.0840106       8.4067392       8.4603634       8.4603634       8.0313702
       7.9777465       7.9777465       6.9946370       6.9767628       6.9767628
       6.9767628       6.9588876       6.9588876       6.9410129       6.9231381
       6.9231381       6.9410129       6.9410129       6.9410129       6.9231381
       6.9052629       6.9052629       6.9052629       6.9231381       6.9052629
       6.9052629       6.9052629       6.9052629       6.9052629       6.9231381
       6.9231381       6.9231381       6.9052629       6.9052629       6.9052629
       6.8337641       6.8337641       6.6013937       6.6550174       6.6550174
       9.4077234       9.4255981       9.4255981       9.3183489       9.3183489
       9.3183489       9.3898478       9.3898478       9.3898478       9.3183489
       9.3183489       9.3183489       9.0502291       9.2111015       9.2111015
       9.2826004       9.2468510       9.2468510       9.2826004       9.2468510
       9.2468510       9.0681038       9.0144796       9.0144796       7.4593797
       7.2985072       7.2985072       7.1018853       7.0840106       7.0840106
       8.4067392       8.4603634       8.4603634       8.0313702       7.9777465
       7.9777465       6.9946370       6.9767628       6.9767628       6.9767628
       6.9588876       6.9588876       6.9410129       6.9231381       6.9231381
       6.9410129       6.9410129       6.9410129       6.9231381       6.9052629
       6.9052629       6.9052629       6.8873887       6.9052629       6.9052629
       6.9052629       6.9052629       6.9052629       6.9231381       6.9231381
       6.9231381       6.9052629       6.9052629       6.9052629       6.8337641
       6.8337641       6.6013937       6.6550174       6.6550174       7.0303864
       9.4792223       9.4792223       9.4434719       9.4792223       9.4792223
       9.4434719       9.4970970       9.4970970       9.4255981       9.4792223
       9.4792223       9.5685959       9.2647257       9.2647257       9.2647257
       9.1217279       9.1217279       9.1217279       9.4255981       9.4255981
       9.4255981       9.3183489       9.3183489       9.3183489       9.3719730
       9.3719730       9.3719730       9.4255981       9.4792223       9.4792223
       9.3898478       9.4613466       9.4613466       9.4434719       9.4434719
       9.4434719       9.4434719       9.3898478       9.3898478       9.3898478
       9.2111015       9.2111015       9.2111015       9.4434719       9.4434719
       9.4434719       9.4792223       9.4792223       9.4792223       9.4970970
       9.4970970       9.4970970       9.2289753       9.2111015       9.1932268
       9.1932268       9.1574764       8.8714819       8.8714819       8.8893566
       8.6927347       8.6927347       8.1564941       7.5130033       7.5130033
       7.2091331       7.1197605       7.1197605       7.0840106       7.0303864
       9.2468510       9.1574764       9.1574764       9.3362246       9.3362246
       9.3362246       9.4255981       9.5149708       9.5149708       9.3362246
       9.3004742       9.3004742       9.3004742       9.3004742       9.3004742
       9.5507212       9.4792223       9.4792223       9.5864697       9.5864697
       9.5685959       9.5685959       9.4255981       9.4792223       9.4792223
       9.3719730       9.4255981       9.4255981       9.4077234       9.4255981
       9.4255981       9.3183489       9.3183489       9.3183489       9.3898478
       9.3898478       9.3898478       9.3183489       9.3183489       9.3183489
       9.0502291       9.2111015       9.2111015       9.2826004       9.2468510
       9.2468510       9.2826004       9.2468510       9.2468510       9.0681038
       9.0144796       9.0144796       7.4593797       8.0313702       7.9777465
       7.9777465       6.9946370       6.9767628       6.9767628       6.9767628
       6.9588876       6.9588876       6.9410129       6.9231381       6.9231381
       6.9410129       6.9410129       6.9410129       6.9231381       6.9052629
       9.1574764       9.3362246       9.3362246       9.3362246       9.4255981
       9.5149708       9.5149708       9.3362246       9.3004742       9.3004742
       9.3004742       9.3004742       9.3004742       9.5507212       9.4792223
       9.4792223       9.5864697       9.5864697       9.5685959       9.5685959
       9.4255981       9.4792223       9.4792223       9.3719730       9.4255981
       9.4255981       9.4077234       9.4255981       9.4255981       9.3183489
       9.3183489       9.3183489       9.3898478       9.3898478       9.3898478
       9.3183489       9.3183489       9.3183489       9.0502291       9.2111015
       9.2111015       9.2826004       9.2468510       9.2468510       9.2826004
       9.2468510       9.2468510       9.0681038       9.0144796       9.0144796
       7.4593797       7.2985072       7.2985072       7.9777465       6.9946370
       6.9767628       6.9767628       6.9767628       6.9588876       6.9588876
       6.9410129       6.9231381       6.9231381       6.9410129       6.9410129
       6.9410129       6.9231381       6.9052629       6.9052629       6.9052629
       9.3362246       9.3362246       9.4255981       9.5149708       9.5149708
       9.3362246       9.3004742       9.3004742       9.3004742       9.3004742
       9.3004742       9.5507212       9.4792223       9.4792223       9.5864697
       9.5864697       9.5685959       9.5685959       9.4255981       9.4792223
       9.4792223       9.3719730       9.4255981       9.4255981       9.4077234
       9.4255981       9.4255981       9.3183489       9.3183489       9.3183489
       9.3898478       9.3898478       9.3898478       9.3183489       9.3183489
       9.3183489       9.0502291       9.2111015       9.2111015       9.2826004
       9.2468510       9.2468510       9.2826004       9.2468510       9.2468510
       9.0681038       9.0144796       9.0144796       7.4593797       7.2985072
       7.2985072       7.1018853       7.0840106       6.9767628       6.9767628
       6.9767628       6.9588876       6.9588876       6.9410129       6.9231381
       6.9231381       6.9410129       6.9410129       6.9410129       6.9231381
       6.9052629       6.9052629       6.9052629       6.8873887       6.8873887
       9.4255981       9.5149708       9.5149708       9.3362246       9.3004742
       9.3004742       9.3004742       9.3004742       9.3004742       9.5507212
       9.4792223       9.4792223       9.5864697       9.5864697       9.5685959
       9.5685959       9.4255981       9.4792223       9.4792223       9.3719730
       9.4255981       9.4255981       9.4077234       9.4255981       9.4255981
       9.3183489       9.3183489       9.3183489       9.3898478       9.3898478
       9.3898478       9.3183489       9.3183489       9.3183489       9.0502291
       9.2111015       9.2111015       9.2826004       9.2468510       9.2468510
       9.2826004       9.2468510       9.2468510       9.0681038       9.0144796
       9.0144796       7.4593797       7.2985072       7.2985072       7.1018853
       7.0840106       7.0840106       8.4067392       6.9767628       6.9588876
       6.9588876       6.9410129       6.9231381       6.9231381       6.9410129
       6.9410129       6.9410129       6.9231381       6.9052629       6.9052629
       6.9052629       6.8873887       6.8873887       6.9052629       6.9052629
       9.5149708       9.3362246       9.3004742       9.3004742       9.3004742
       9.3004742       9.3004742       9.5507212       9.4792223       9.4792223
       9.5864697       9.5864697       9.5685959       9.5685959       9.4255981
       9.4792223       9.4792223       9.3719730       9.4255981       9.4255981
       9.4077234       9.4255981       9.4255981       9.3183489       9.3183489
       9.3183489       9.3898478       9.3898478       9.3898478       9.3183489
       9.3183489       9.3183489       9.0502291       9.2111015       9.2111015
       9.2826004       9.2468510       9.2468510       9.2826004       9.2468510
       9.2468510       9.0681038       9.0144796       9.0144796       7.4593797
       7.2985072       7.2985072       7.1018853       7.0840106       7.0840106
       8.4067392       8.4603634       8.4603634       6.9588876       6.9410129
       6.9231381       6.9231381       6.9410129       6.9410129       6.9410129
       6.9231381       6.9052629       6.9052629       6.9052629       6.8873887
       6.8873887       6.9052629       6.9052629       6.9052629       6.8873887
       9.3362246       9.3004742       9.3004742       9.3004742       9.3004742
       9.3004742       9.5507212       9.4792223       9.4792223       9.5864697
       9.5864697       9.5685959       9.5685959       9.4255981       9.4792223
       9.4792223       9.3719730       9.4255981       9.4255981       9.4077234
       9.4255981       9.4255981       9.3183489       9.3183489       9.3183489
       9.3898478       9.3898478       9.3898478       9.3183489       9.3183489
       9.3183489       9.0502291       9.2111015       9.2111015       9.2826004
       9.2468510       9.2468510       9.2826004       9.2468510       9.2468510
       9.0681038       9.0144796       9.0144796       7.4593797       7.2985072
       7.2985072       7.1018853       7.0840106       7.0840106       8.4067392
       8.4603634       8.4603634       8.0313702       6.9410129       6.9231381
       6.9231381       6.9410129       6.9410129       6.9410129       6.9231381
       6.9052629       6.9052629       6.9052629       6.8873887       6.8873887
       6.9052629       6.9052629       6.9052629       6.8873887       6.8873887
       9.4255981       9.4077234       9.4255981       9.4255981       9.3183489
       9.3183489       9.3183489       9.3898478       9.3898478       9.3898478
       9.3183489       9.3183489       9.3183489       9.0502291       9.2111015
       9.2111015       9.2826004       9.2468510       9.2468510       9.2826004
       9.2468510       9.2468510       9.0681038       9.0144796       9.0144796
       7.4593797       7.2985072       7.2985072       7.1018853       7.0840106
       7.0840106       8.4067392       8.4603634       8.4603634       8.0313702
       7.9777465       7.9777465       6.9946370       6.9767628       6.9767628
       6.9767628       6.9588876       6.9588876       6.9410129       6.9231381
       6.9231381       6.9410129       6.9410129       6.9410129       6.9231381
       6.9052629       6.9052629       6.9052629       6.9231381       6.9052629
       6.9052629       6.9052629       6.9052629       6.9052629       6.9231381
       6.9231381       6.9231381       6.9052629       6.9052629       6.9052629
       6.8337641       6.8337641       6.6013937       6.6550174       6.6550174
       9.4077234       9.4255981       9.4255981       9.3183489       9.3183489
       9.3183489       9.3898478       9.3898478       9.3898478       9.3183489
       9.3183489       9.3183489       9.0502291       9.2111015       9.2111015
       9.2826004       9.2468510       9.2468510       9.2826004       9.2468510
       9.2468510       9.0681038       9.0144796       9.0144796       7.4593797
       7.2985072       7.2985072       7.1018853       7.0840106       7.0840106
       8.4067392       8.4603634       8.4603634       8.0313702       7.9777465
       7.9777465       6.9946370       6.9767628       6.9767628       6.9767628
       6.9588876       6.9588876       6.9410129       6.9231381       6.9231381
       6.9410129       6.9410129       6.9410129       6.9231381       6.9052629
       6.9052629       6.9052629       6.8873887       6.9052629       6.9052629
       6.9052629       6.9052629       6.9052629       6.9231381       6.9231381
       6.9231381       6.9052629       6.9052629       6.9052629       6.8337641
       6.8337641       6.6013937       6.6550174       6.6550174       7.0303864
